0
6,678.61
6,240.98
6,547.00
5,939.99
6,731.27
5,925.37
6,274.05
5,566.77
7,063.68
6,598.18
6,694.17
6,750.87
5,954.30
7,120.26
6,865.21
6,314.57
5,954.18
6,633.51
6,606.58
6,609.93
6,717.91
6,566.09
6,866.05
6,858.21
6,576.74
5,711.48
7,106.08
6,154.41
6,851.22
5,795.10
6,819.75
6,430.12
5,847.11
6,689.08
6,755.48
6,829.30
5,791.03
6,873.52
6,775.08
5,806.71
6,487.19
6,034.84
6,138.50
5,687.73
6,263.93
6,632.82
6,444.08
6,587.95
6,749.09
6,741.25
6,328.26
6,254.64
6,649.47
6,630.47
5,914.40
6,674.30
6,779.31
6,825.20
5,851.51
6,499.99
6,337.64
6,690.17
6,027.37
6,749.45
7,068.17
6,378.04
6,829.20
6,583.39
5,743.53
6,042.92
6,802.92
6,822.76
7,041.42
6,681.08
6,453.88
6,446.87
6,820.56
6,550.74
6,393.13
6,554.79
5,776.60
6,817.71
5,871.02
6,567.36
6,622.58
6,588.98
6,681.33
6,830.66
6,545.27
5,824.37
6,390.84
6,630.67
6,864.10
6,620.43
6,551.99
6,734.74
5,351.53
6,766.77
5,752.03
5,866.82
6,677.52
6,656.68
6,743.94
6,742.84
5,921.63
6,735.12
6,729.17
6,416.14
6,361.09
6,679.18
5,775.71
6,816.37
6,730.67
6,523.31
5,776.60
6,788.07
6,838.87
6,632.42
6,791.55
6,449.04
6,806.96
6,486.19
6,873.08
5,929.61
6,723.46
6,189.64
6,816.90
6,672.37
6,284.45
5,921.76
6,875.00
5,857.52
6,654.47
6,654.37
6,728.44
6,775.25
6,693.44
5,896.15
6,798.15
5,768.09
6,685.26
6,430.49
6,146.05
6,834.26
6,047.34
5,533.87
6,916.02
6,416.16
6,204.41
6,551.53
6,799.62
6,559.48
5,635.28
6,550.27
6,550.30
6,804.60
6,894.60
6,565.59
6,387.37
5,945.85
6,698.01
6,509.97
6,180.98
6,238.29
6,650.57
6,442.59
5,864.78
6,624.98
6,307.78
6,836.30
6,052.42
6,778.56
6,821.04
6,417.02
6,498.33
6,649.39
6,814.57
6,583.80
6,636.16
5,868.55
6,511.21
6,753.75
6,757.15
6,777.85
6,574.34
6,713.18
5,666.13
6,800.56
6,777.66
6,089.84
6,754.64
6,156.65
6,788.69
6,844.51
6,784.92
5,841.74
6,654.20
6,460.01
6,567.24
6,308.26
6,384.39
6,265.65
6,844.94
6,702.85
6,859.15
6,636.22
6,834.77
7,007.26
6,395.65
6,522.20
5,901.42
6,155.81
6,738.32
6,544.94
6,787.07
6,815.75
6,264.91
6,829.00
6,547.33
6,731.14
5,833.04
6,666.13
6,639.71
5,841.24
6,795.34
6,228.42
6,728.37
6,721.34
6,352.33
6,596.43
6,804.21
6,571.68
6,809.50
6,627.17
6,737.95
6,568.33
6,543.41
6,597.44
5,871.24
6,792.24
6,106.48
6,083.10
6,877.97
5,961.59
6,412.93
6,411.99
6,739.94
6,825.67
6,697.22
6,462.22
6,674.48
6,738.45
5,819.14
6,994.63
6,796.45
5,662.43
5,692.63
6,286.59
6,334.63
6,507.65
6,647.87
6,746.14
6,753.75
6,365.83
5,809.45
6,532.44
6,513.08
5,664.07
6,453.46
5,627.33
6,608.59
5,608.25
6,343.60
5,799.71
5,869.04
6,338.67
6,710.45
6,846.74
7,089.77
6,246.84
5,787.28
6,276.94
6,343.75
6,762.01
6,807.82
6,747.09
6,757.77
6,345.13
6,588.43
6,674.74
6,858.95
6,503.63
6,117.76
6,437.50
6,839.25
6,836.73
6,631.76
7,043.96
6,501.14
6,465.73
5,499.23
6,192.74
6,118.28
6,375.52
6,136.89
6,949.63
5,805.05
6,103.98
6,823.77
6,630.00
6,483.58
6,199.11
7,033.33
6,818.63
6,635.45
6,361.80
5,831.88
6,121.58
5,758.41
6,585.78
5,924.97
6,663.62
6,832.83
6,337.91
6,784.67
6,851.75
5,450.65
6,857.05
6,529.68
6,960.49
6,708.42
6,268.76
6,695.42
6,426.42
5,774.20
6,327.36
6,746.84
6,275.28
5,892.08
6,483.34
6,681.76
6,342.28
6,853.44
5,748.10
6,696.60
6,843.11
7,013.47
6,604.21
6,741.69
5,852.39
6,294.41
6,829.12
6,432.70
6,941.19
6,093.43
6,695.66
6,780.90
6,269.61
6,597.37
7,011.64
5,693.63
6,504.96
6,104.19
6,830.11
6,780.03
5,627.21
6,492.08
6,378.38
6,249.78
6,667.34
6,685.69
5,897.81
5,803.28
6,114.81
6,156.32
6,671.97
5,737.78
6,439.96
6,330.49
5,882.91
5,769.68
5,804.78
6,656.37
6,197.64
6,774.73
5,888.48
6,215.47
6,571.93
6,835.78
6,654.34
6,450.07
6,855.02
5,786.72
6,681.98
6,823.51
6,185.61
6,898.08
6,821.46
6,673.38
6,303.94
6,284.53
6,064.58
6,507.72
6,549.11
6,557.37
5,912.15
6,775.42
6,655.01
6,262.85
7,019.68
6,695.55
6,510.62
5,664.48
6,587.43
6,512.66
6,244.21
6,301.52
6,865.93
6,826.33
6,344.12
6,948.99
6,125.70
6,571.59
5,629.09
6,635.61
6,659.04
6,730.73
5,636.64
6,318.19
5,794.80
6,623.17
6,282.76
6,837.92
6,520.39
6,700.16
6,829.17
6,873.55
6,750.76
6,731.43
6,844.80
6,550.66
6,381.44
6,490.66
7,052.13
7,020.47
5,566.36
6,611.94
6,313.21
6,679.37
5,446.96
6,353.83
6,457.92
6,420.28
6,844.55
6,419.31
5,810.25
6,730.48
5,662.63
6,275.00
6,345.63
6,074.52
6,179.17
6,595.33
5,859.71
6,101.51
6,276.88
6,541.61
6,579.81
6,914.71
6,879.42
6,139.79
6,310.44
6,873.58
6,834.87
6,571.19
6,273.40
6,200.12
5,742.07
7,064.30
6,686.06
6,911.80
5,651.77
5,915.55
6,339.19
7,031.72
6,529.47
6,527.89
6,807.75
5,852.42
5,971.95
5,776.71
6,766.86
6,340.08
6,277.23
6,243.67
6,501.42
7,022.51
6,445.25
6,556.35
6,730.11
6,665.63
5,793.32
6,560.25
5,571.15
5,699.91
6,585.53
6,619.58
6,898.13
6,162.49
5,870.30
6,830.27
6,716.63
6,915.20
6,174.57
6,139.97
7,070.70
6,402.17
6,696.28
6,107.86
6,868.96
6,178.68
6,627.40
6,790.04
6,291.54
6,557.30
5,868.16
6,378.60
5,820.45
5,624.26
6,742.10
6,710.28
6,710.10
6,740.58
6,242.32
6,270.44
6,752.93
6,558.28
5,776.05
6,583.99
6,366.51
6,840.75
6,576.16
5,685.77
6,546.47
6,752.41
6,112.02
6,132.36
6,359.11
6,819.86
6,769.07
6,813.55
6,984.43
6,699.89
5,513.69
6,893.92
6,468.41
6,419.15
6,437.28
6,949.63
6,146.38
6,104.11
6,280.62
6,755.45
6,937.41
6,117.25
6,581.63
6,805.80
6,526.29
6,611.04
6,137.24
6,295.34
6,036.70
6,412.88
6,830.79
7,037.67
6,527.91
6,828.54
6,928.27
6,371.18
5,854.89
6,726.79
6,310.29
6,568.35
6,973.04
6,374.21
6,763.62
5,905.07
6,441.32
5,707.60
6,372.33
6,421.67
6,833.46
6,825.94
6,722.62
6,736.22
6,724.43
7,013.55
6,084.59
5,791.63
5,356.34
6,530.74
6,505.13
6,387.56
5,834.51
6,761.07
6,209.63
6,822.42
5,573.16
6,395.37
6,364.90
6,802.00
6,708.35
6,304.63
5,350.05
6,406.12
6,852.40
6,723.06
6,400.45
7,028.24
5,931.25
6,851.30
5,852.62
5,672.01
5,266.41
5,838.84
6,710.13
6,506.19
6,298.92
6,304.58
6,395.80
6,091.23
6,184.58
6,830.50
6,431.76
6,710.52
6,348.42
5,845.92
6,838.05
5,804.10
6,336.35
6,796.71
6,777.70
5,935.90
7,017.16
6,855.81
6,451.29
7,075.26
5,605.59
6,899.33
5,779.42
6,331.83
6,203.17
6,808.87
6,586.11
6,037.73
6,174.90
6,061.19
6,868.51
6,295.16
5,935.84
6,577.83
6,231.89
6,440.97
5,662.30
6,489.65
6,376.28
6,583.48
6,547.80
6,446.39
6,403.45
5,892.16
6,538.45
6,570.95
6,855.10
6,860.02
6,793.47
6,101.91
6,399.37
6,544.28
6,834.77
6,634.36
6,379.07
6,338.38
6,146.10
6,500.04
6,828.11
7,026.90
6,866.42
6,807.67
6,125.44
6,474.74
6,083.31
6,151.40
6,590.69
6,895.33
6,492.10
6,911.40
6,569.96
6,161.63
5,892.75
6,773.63
6,557.17
6,755.63
6,889.13
6,098.65
6,718.04
6,611.25
6,551.15
6,347.24
6,194.10
6,813.49
6,693.55
5,684.47
6,697.37
6,374.82
6,392.76
6,388.55
6,460.71
6,798.56
6,453.97
6,702.84
6,673.31
5,824.28
6,961.14
6,799.47
6,355.37
5,543.95
6,710.45
6,278.97
6,229.01
6,769.91
6,017.79
7,096.78
6,917.14
5,839.06
6,135.22
6,185.59
6,260.92
5,772.15
6,859.24
5,733.45
5,572.28
5,808.77
5,793.20
6,583.09
6,532.43
6,053.35
6,804.08
6,365.10
6,954.22
6,749.40
6,725.82
6,388.73
6,775.77
6,383.61
6,721.78
5,777.11
5,622.29
5,892.20
5,649.68
6,753.70
6,029.10
6,724.03
6,336.11
6,888.90
6,696.79
5,758.11
6,490.70
6,718.49
6,622.72
6,535.68
5,795.20
7,030.53
6,481.50
6,058.54
5,693.95
6,858.70
6,417.16
6,570.17
6,676.08
6,788.49
6,796.43
6,461.70
5,668.45
6,573.13
5,640.64
6,947.55
6,521.46
6,837.15
6,909.43
6,837.61
6,819.72
6,483.05
6,645.40
6,680.55
6,558.82
5,722.01
6,539.14
5,887.49
7,060.45
6,363.46
6,558.58
6,968.87
5,899.87
6,631.00
5,893.52
6,709.13
6,946.66
5,737.66
6,811.61
6,682.48
6,105.90
6,165.48
5,915.55
5,952.78
5,712.82
6,557.52
6,935.38
6,525.12
6,846.58
6,592.74
6,950.46
5,665.57
6,940.64
6,353.52
6,356.09
7,062.93
5,890.26
6,323.11
6,773.04
6,728.99
6,030.32
6,449.27
6,996.26
6,691.34
6,053.63
5,748.72
6,277.06
6,520.98
6,223.52
6,405.35
6,730.72
6,457.89
6,453.87
5,966.80
6,487.97
7,046.82
5,491.09
5,825.81
5,498.32
6,420.93
6,641.97
6,199.43
6,117.31
6,796.44
5,782.08
6,365.27
6,672.66
6,825.31
6,933.80
6,712.67
7,103.98
7,053.67
7,033.25
6,693.95
5,950.23
6,284.52
6,495.58
7,000.06
6,919.24
6,810.60
6,229.87
6,299.45
6,164.72
6,749.72
6,736.00
7,015.36
6,931.55
5,791.41
6,571.46
5,901.07
5,900.01
6,809.70
5,917.05
6,510.44
5,710.46
6,498.78
6,366.24
6,088.05
5,473.74
6,410.26
5,871.83
6,367.89
6,806.90
6,329.93
5,905.70
6,175.49
6,083.79
5,779.92
6,136.43
6,945.20
5,929.24
5,962.31
6,818.17
5,954.08
6,871.80
5,874.06
6,654.47
6,723.42
6,399.73
6,625.25
5,912.44
6,204.00
6,584.17
7,021.92
6,753.80
6,137.60
6,773.28
6,439.16
6,555.28
6,678.90
6,799.15
5,945.25
6,339.97
6,553.78
5,530.05
5,744.55
6,818.04
5,845.65
6,605.30
6,995.10
5,719.45
6,437.80
5,728.55
6,297.20
6,115.76
6,362.89
6,598.37
5,859.73
5,861.92
6,687.80
6,375.15
6,267.07
5,666.28
6,912.16
6,563.65
6,012.81
6,583.76
6,849.38
5,709.49
5,765.80
6,986.40
6,229.21
6,319.91
6,693.26
6,960.63
5,961.49
5,391.14
6,796.63
6,126.68
6,116.17
6,482.24
6,700.90
5,612.26
5,786.25
6,322.40
7,029.85
6,130.46
6,794.71
6,615.58
5,923.53
6,689.45
6,809.13
5,910.91
6,219.26
6,746.83
5,928.20
6,721.51
6,977.74
5,911.13
6,686.57
6,061.61
6,620.10
5,766.95
5,723.00
6,348.82
5,849.90
7,044.39
6,790.51
6,649.14
6,430.06
5,465.52
6,792.74
5,805.61
6,669.24
5,877.00
5,478.81
5,718.89
6,305.49
6,740.16
6,782.55
6,646.60
5,827.78
5,891.95
5,575.52
6,226.55
5,751.90
5,768.45
6,230.79
6,167.77
6,776.95
5,829.75
6,072.47
6,129.98
5,432.37
6,953.58
6,685.52
6,191.93
6,961.77
6,431.85
5,696.70
6,032.24
5,405.25
6,620.90
6,241.89
6,192.03
5,874.89
6,777.96
6,878.49
5,871.51
5,911.46
6,733.62
6,147.06
5,870.54
5,586.31
6,152.88
5,703.77
5,773.79
5,891.41
6,729.79
6,949.73
6,620.48
6,325.88
6,419.83
6,927.58
6,659.42
6,182.40
6,411.74
5,267.62
6,876.47
6,261.19
5,782.56
5,447.79
5,990.37
6,773.44
6,243.40
6,721.06
5,884.90
6,465.66
6,427.64
6,670.40
6,810.27
6,706.27
6,891.43
6,890.42
5,869.55
5,304.48
5,958.34
6,097.09
6,946.28
6,591.55
6,165.80
6,533.79
7,070.88
6,826.05
5,677.75
7,017.64
6,432.21
6,096.01
6,820.79
6,954.21
5,862.17
5,895.47
5,767.27
5,435.08
6,672.15
5,965.58
5,797.91
6,728.04
6,986.57
6,242.39
5,745.29
6,668.87
6,958.09
5,714.19
5,812.23
6,803.87
6,990.97
6,783.79
5,935.13
5,790.72
6,336.48
6,590.64
7,074.34
6,108.71
6,652.61
5,875.93
6,933.74
6,621.06
5,961.11
6,561.70
7,097.50
6,044.97
5,898.76
5,681.61
6,663.74
6,694.62
5,483.81
6,300.63
6,840.89
6,840.27
5,874.82
5,742.03
6,572.33
6,781.51
6,335.70
5,632.19
5,848.06
6,109.01
5,403.28
6,815.42
5,867.18
6,542.20
6,588.32
6,968.57
6,634.40
5,554.55
5,723.67
6,021.09
6,388.46
5,937.89
5,766.55
6,326.16
6,808.11
6,060.10
5,671.09
5,931.78
6,081.34
6,812.99
5,437.62
5,922.01
5,523.92
5,384.11
5,958.86
6,247.94
5,945.43
6,182.72
7,024.01
5,782.70
6,463.59
5,909.24
6,902.23
6,605.28
6,985.95
5,655.06
6,730.43
5,837.14
5,320.86
6,146.32
6,622.84
5,979.20
6,680.69
5,493.06
6,463.55
6,838.06
5,876.80
5,672.30
5,916.55
6,458.02
5,536.97
6,845.42
5,808.99
6,073.38
6,584.70
6,949.19
5,657.86
5,260.19
6,431.95
6,504.33
5,960.97
5,792.19
5,885.38
5,651.79
6,195.91
6,360.81
6,827.98
5,634.74
5,918.23
6,664.54
5,673.58
6,201.12
5,595.55
6,392.68
6,999.01
5,689.36
5,796.07
6,753.18
6,779.84
6,862.73
5,955.91
6,682.86
6,675.03
6,871.29
5,838.34
6,522.26
6,466.00
6,656.99
6,745.97
6,919.42
6,622.86
5,927.91
5,854.64
6,750.43
7,040.92
5,338.38
5,657.44
5,902.70
6,529.41
5,777.34
6,707.88
6,102.54
5,950.48
5,741.15
5,662.42
6,270.79
6,772.00
6,843.13
5,898.87
5,670.82
6,730.30
5,297.28
6,999.96
5,702.37
6,886.95
6,604.89
6,688.62
6,983.52
6,962.32
6,542.44
6,140.39
5,819.92
6,159.51
6,625.39
6,819.29
6,186.99
6,360.06
5,982.20
6,545.37
6,211.64
6,187.65
6,911.84
5,940.72
5,467.05
6,138.69
6,338.10
